179 80

0 1 100
1 2 100
2 3 100
3 4 100
6 7 100
7 8 100
8 9 100
12 13 100
13 14 100
14 15 100
15 16 100
17 18 100
18 19 100
21 22 100
22 23 100
23 24 100
24 25 100
27 28 100
28 29 100
29 30 100
30 31 100
31 32 100
32 33 100
34 35 100
35 36 100
36 37 100
37 38 100
38 39 100
39 40 100
40 41 100
41 42 100
42 43 100
43 44 100
46 47 100
48 49 100
50 51 100
51 52 100
52 53 100
53 54 100
54 55 100
55 56 100
56 57 100
57 58 100
58 59 100
59 60 100
60 61 100
61 62 100
62 63 100
67 68 100
68 69 100
69 70 100
70 71 100
71 72 100
72 73 100
73 74 100
74 75 100
77 78 100
78 79 100
79 80 100
80 81 100
81 82 100
83 84 100
85 86 100
86 87 100
87 88 100
88 89 100
89 90 100
90 91 100
91 92 100
92 93 100
93 94 100
94 95 100
95 96 100
96 97 100
97 98 100
98 99 100
99 100 100
100 101 100
101 102 100
102 103 100
103 104 100
104 105 100
105 106 100
106 107 100
107 108 100
108 109 100
109 110 100
110 111 100
111 112 100
112 113 100
113 114 100
114 115 100
115 116 100
116 117 100
117 118 100
118 119 100
123 124 100
124 125 100
125 126 100
126 127 100
127 128 100
128 129 100
129 130 100
134 135 100
135 136 100
136 137 100
137 138 100
138 139 100
139 140 100
141 142 100
144 145 100
145 146 100
146 147 100
147 148 100
148 149 100
149 150 100
150 151 100
151 152 100
152 153 100
153 154 100
154 155 100
155 156 100
156 157 100
157 158 100
158 159 100
159 160 100
160 161 100
161 162 100
162 163 100
163 164 100
164 165 100
165 166 100
166 167 100
167 168 100
168 169 100
169 170 100
170 171 100
171 172 100
172 173 100
173 174 100
174 175 100
175 176 100
176 177 100
177 178 100
5 0 100
10 5 100
17 10 100
26 17 100
34 26 100
45 34 100
58 45 100
66 58 100
76 66 100
94 76 100
19 11 100
11 6 100
28 20 100
20 12 100
29 21 100
36 27 100
42 48 100
63 67 100
67 77 100
68 64 100
64 46 100
47 65 100
65 73 100
104 78 100
82 74 100
75 83 100
83 113 100
86 120 100
120 132 100
132 148 100
149 133 100
133 122 100
122 93 100
89 121 100
121 133 100
133 151 100
163 134 100
135 124 100
105 123 100
109 127 100
140 171 100
130 114 100
172 141 100
142 131 100
131 117 100
115 131 100
131 143 100
143 177 100

10 17 18
20 28 29
21 29 30
27 36 37
43 42 48
26 34 35
45 58 59
57 58 66
68 67 77
64 68 69
77 78 104
65 73 72
73 74 82
84 83 113
87 86 120
132 148 147
133 149 150
133 151 150
90 89 121
92 93 122
76 94 95
134 163 164
106 105 123
124 135 136
123 124 135
109 127 126
110 109 127
140 171 170
141 172 173
113 114 130
131 115 116
131 117 116
143 177 176
121 133 149
121 133 122
122 133 151
149 133 151
115 131 142
115 131 117
117 131 143
142 131 143

100 0 144 145
0 117 118

100 0 117 118
0 134 135

100 0 50 51
0 83 84

100 0 93 94
0 43 44

100 0 163 164
0 118 119

100 0 104 105
0 177 178

100 0 148 149
0 24 25

100 0 74 75
0 85 86

100 0 177 178
0 144 145

100 0 118 119
0 145 146

100 0 66 58
0 3 4