124 70

0 1 100
2 0 100
1 3 100
3 4 100
4 5 100
5 6 100
6 7 100
7 8 100
9 2 100
3 10 100
11 9 100
11 12 100
12 13 100
13 14 100
14 15 100
15 16 100
16 17 100
10 18 100
18 24 100
23 11 100
19 20 100
20 21 100
21 22 100
22 23 100
25 23 100
25 26 100
26 27 100
27 28 100
28 29 100
29 30 100
30 31 100
31 32 100
32 33 100
33 34 100
34 35 100
35 36 100
24 36 100
37 25 100
36 50 100
37 38 100
38 39 100
39 40 100
40 41 100
41 42 100
42 43 100
43 44 100
44 45 100
45 46 100
46 47 100
47 48 100
48 49 100
49 50 100
51 52 100
52 53 100
53 54 100
54 55 100
55 56 100
56 57 100
57 58 100
58 59 100
59 60 100
60 61 100
61 62 100
62 63 100
63 64 100
64 65 100
65 66 100
66 67 100
67 68 100
68 69 100
69 70 100
70 71 100
71 72 100
72 73 100
73 74 100
74 75 100
75 76 100
76 77 100
77 78 100
53 37 100
50 68 100
52 79 100
79 82 100
82 89 100
69 80 100
80 83 100
83 98 100
100 84 100
84 81 100
81 77 100
85 86 100
86 87 100
87 88 100
88 89 100
90 91 100
91 92 100
92 93 100
93 94 100
94 95 100
95 96 100
96 97 100
97 98 100
98 99 100
99 100 100
89 101 100
114 96 100
99 119 100
101 102 100
102 103 100
103 104 100
104 105 100
105 106 100
106 107 100
107 108 100
108 109 100
109 110 100
110 111 100
111 112 100
112 113 100
113 114 100
114 115 100
115 116 100
116 117 100
117 118 100
118 119 100
119 120 100
120 121 100
121 122 100
122 123 100

4 3 10
9 11 12
22 23 25
23 25 26
24 36 35
25 37 38
36 50 49
37 53 54
50 68 67
53 52 79
70 69 80
76 77 81
82 89 88
95 96 114
83 98 97
100 99 119
99 119 118
96 114 115

100 0 122 123
0 85 86

100 0 19 20
0 121 122

100 0 16 17
0 19 20

100 0 0 1
0 77 78

100 0 90 91
0 81 77