193 80

0 1 1000
1 2 1000
2 3 1000
3 4 1000
4 5 1000
5 6 1000
6 7 1000
7 8 1000
8 9 1000
9 10 1000
10 11 1000
11 12 1000
13 14 1000
14 15 1000
15 16 1000
16 17 1000
17 18 1000
18 19 1000
19 20 1000
20 21 1000
21 22 1000
22 23 1000
23 24 1000
24 25 1000
25 26 1000
29 30 1000
33 34 1000
34 35 1000
35 36 1000
36 37 1000
37 38 1000
38 39 1000
39 40 1000
43 44 1000
44 45 1000
45 46 1000
46 47 1000
47 48 1000
48 49 1000
52 53 1000
53 54 1000
54 55 1000
55 56 1000
57 58 1000
58 59 1000
59 60 1000
60 61 1000
61 62 1000
62 63 1000
63 64 1000
64 65 1000
65 66 1000
66 67 1000
67 68 1000
68 69 1000
69 70 1000
70 71 1000
71 72 1000
72 73 1000
73 74 1000
74 75 1000
75 76 1000
78 79 1000
81 82 1000
84 85 1000
85 86 1000
86 87 1000
87 88 1000
88 89 1000
89 90 1000
90 91 1000
91 92 1000
92 93 1000
93 94 1000
94 95 1000
95 96 1000
96 97 1000
97 98 1000
99 100 1000
100 101 1000
101 102 1000
102 103 1000
103 104 1000
104 105 1000
105 106 1000
106 107 1000
107 108 1000
108 109 1000
109 110 1000
110 111 1000
111 112 1000
112 113 1000
113 114 1000
114 115 1000
115 116 1000
116 117 1000
117 118 1000
118 119 1000
119 120 1000
120 121 1000
121 122 1000
122 123 1000
123 124 1000
124 125 1000
125 126 1000
126 127 1000
127 128 1000
128 129 1000
129 130 1000
130 131 1000
131 132 1000
132 133 1000
139 140 1000
141 142 1000
142 143 1000
143 144 1000
144 145 1000
145 146 1000
146 147 1000
147 148 1000
148 149 1000
149 150 1000
150 151 1000
151 152 1000
152 153 1000
153 154 1000
154 155 1000
155 156 1000
156 157 1000
157 158 1000
158 159 1000
159 160 1000
160 161 1000
161 162 1000
162 163 1000
163 164 1000
164 165 1000
165 166 1000
166 167 1000
167 168 1000
168 169 1000
169 170 1000
170 171 1000
171 172 1000
172 173 1000
173 174 1000
174 175 1000
175 176 1000
176 177 1000
177 178 1000
178 179 1000
179 180 1000
180 181 1000
181 182 1000
182 183 1000
183 184 1000
184 185 1000
185 186 1000
186 187 1000
187 188 1000
188 189 1000
189 190 1000
190 191 1000
191 192 1000
112 83 1000
83 80 1000
80 77 1000
77 57 1000
57 50 1000
50 41 1000
41 31 1000
31 28 1000
28 27 1000
27 13 1000
13 0 1000
117 84 1000
94 81 1000
82 97 1000
74 78 1000
63 51 1000
51 42 1000
42 32 1000
32 29 1000
30 33 1000
33 43 1000
43 52 1000
152 137 1000
137 134 1000
134 110 1000
174 138 1000
138 135 1000
135 132 1000
133 136 1000
136 139 1000
139 181 1000
98 133 1000

137 152 153
109 110 134
83 112 113
84 117 118
81 94 95
82 97 96
98 133 132
138 174 175
131 132 135
140 139 181
50 57 58
51 63 64
75 74 78
34 33 43
44 43 52
0 13 14

1000 0 116 117
0 191 192

1000 0 191 192
0 142 143